        0.00        0.00        0.00
      100.00        0.00      280.00
      200.00        0.00      280.00
      300.00        0.00      280.00
      400.00        0.00      280.00
      500.00        0.00      280.00
      600.00        0.00      280.00
      700.00        0.00      280.00
      800.00        1.00      280.00
      900.00        2.00      280.00
     1000.00        4.00      280.00
     1100.00        6.00      280.00
     1200.00        8.00      280.00
     1300.00        9.85      284.90
     1400.00       11.75      288.25
     1500.00       13.68      290.67
     1600.00       15.63      292.50
     1700.00       17.58      293.93
     1800.00       19.55      295.08
     1900.00       21.52      296.03
     2000.00       23.50      296.83
     2100.00       25.48      297.51
     2200.00       27.46      298.09
     2300.00       29.45      298.61
     2400.00       31.43      299.06
     2500.00       33.42      299.47
     2600.00       35.41      299.83
     2700.00       37.40      300.16
     2800.00       39.39      300.47
     2900.00       41.38      300.74
     3000.00       43.38      301.00
     3100.00       45.37      301.24
     3200.00       47.36      301.46
     3300.00       49.36      301.67
     3400.00       51.35      301.87
     3500.00       53.35      302.05
     3600.00       55.34      302.23
     3700.00       57.34      302.40
     3800.00       59.33      302.56
     3900.00       61.33      302.71
     4000.00       63.32      302.86
     4100.00       65.32      303.01
     4117.04       65.66      303.03
     4200.00       67.31      303.15
     4300.00       69.31      303.28
     4354.62       70.40      303.35
     4400.00       71.31      303.41
     4492.04       73.14      303.53
     4500.00       73.14      303.53
     4600.00       73.14      303.53
     4700.00       73.14      303.53
     4800.00       73.14      303.53
     4900.00       73.14      303.53
     5000.00       73.14      303.53
     5100.00       73.14      303.53
     5200.00       73.14      303.53
     5227.23       73.14      303.53
     5300.00       73.14      303.53
     5400.00       73.14      303.53
     5500.00       73.14      303.53
     5600.00       73.14      303.53
     5700.00       73.14      303.53
     5800.00       73.14      303.53
     5900.00       73.14      303.53
     6000.00       73.14      303.53
     6100.00       73.14      303.53
     6200.00       73.14      303.53
     6300.00       73.14      303.53
     6400.00       73.14      303.53
     6500.00       73.14      303.53
     6600.00       73.14      303.53
     6700.00       73.14      303.53
     6800.00       73.14      303.53
     6900.00       73.14      303.53
     7000.00       73.14      303.53
     7100.00       73.14      303.53
     7200.00       73.14      303.53
     7300.00       73.14      303.53
     7400.00       73.14      303.53
     7500.00       73.14      303.53
     7600.00       73.14      303.53
     7700.00       73.14      303.53
     7800.00       73.14      303.53
     7900.00       73.14      303.53
     8000.00       73.14      303.53
     8100.00       73.14      303.53
     8200.00       73.14      303.53
     8300.00       73.14      303.53
     8305.09       73.14      303.53
     8400.00       73.14      303.53
     8500.00       73.14      303.53
     8600.00       73.14      303.53
     8700.00       73.14      303.53
     8800.00       73.14      303.53
     8900.00       73.14      303.53
     8978.35       73.14      303.53
     9000.00       73.14      303.53
     9100.00       73.14      303.53
     9200.00       73.14      303.53
     9300.00       73.14      303.53
     9400.00       73.14      303.53
     9500.00       73.14      303.53
     9600.00       73.14      303.53
     9700.00       73.14      303.53
     9800.00       73.14      303.53
     9900.00       73.14      303.53
    10000.00       73.14      303.53
    10055.92       73.14      303.53
    10100.00       73.14      303.53
    10200.00       73.14      303.53
    10300.00       73.14      303.53
    10400.00       73.14      303.53
    10500.00       73.14      303.53
    10600.00       73.14      303.53
    10700.00       73.14      303.53
    10800.00       73.14      303.53
    10900.00       73.14      303.53
    11000.00       73.14      303.53
    11100.00       73.14      303.53
    11200.00       73.14      303.53
    11300.00       73.14      303.53
    11400.00       73.14      303.53
    11500.00       73.14      303.53
    11600.00       73.14      303.53
    11700.00       73.14      303.53
    11800.00       73.14      303.53
    11900.00       73.14      303.53
    12000.00       73.14      303.53
    12100.00       73.14      303.53
    12200.00       73.14      303.53
    12300.00       73.14      303.53
    12400.00       73.14      303.53
    12500.00       73.14      303.53
    12600.00       73.14      303.53
    12700.00       73.14      303.53
    12800.00       73.14      303.53
    12900.00       73.14      303.53
    13000.00       73.14      303.53
    13100.00       73.14      303.53
    13200.00       73.14      303.53
    13300.00       73.14      303.53
    13400.00       73.14      303.53
    13500.00       73.14      303.53
    13600.00       73.14      303.53
    13700.00       73.14      303.53
    13729.52       73.14      303.53
    13800.00       73.14      303.53
    13900.00       73.14      303.53
    14000.00       73.14      303.53
    14100.00       73.14      303.53
    14140.75       73.14      303.53
    14200.00       73.14      303.53
    14300.00       73.14      303.53
    14400.00       73.14      303.53
    14416.67       73.14      303.53
    14500.00       73.14      303.53
    14600.00       73.14      303.53
    14700.00       73.14      303.53
    14800.00       73.14      303.53
    14880.40       73.14      303.53
    14900.00       73.14      303.53
    15000.00       73.14      303.53
    15100.00       73.14      303.53
    15200.00       73.14      303.53
    15300.00       73.14      303.53
    15400.00       73.14      303.53
    15500.00       73.14      303.53
    15600.00       73.14      303.53
    15649.56       73.14      303.53
    15700.00       73.14      303.53
    15800.00       73.14      303.53
    15900.00       73.14      303.53
    16000.00       73.14      303.53
    16027.75       73.14      303.53
    16050.52       73.20      303.30
    16078.00       73.20      303.30
    16100.00       73.20      303.30
    16100.52       73.20      303.30
    16200.00       75.18      303.13
    16300.00       77.18      302.97
    16400.00       79.17      302.80
    16500.00       81.16      302.64
    16600.00       83.16      302.48
    16638.24       83.92      302.42
    16700.00       83.92      302.42
    16766.89       83.92      302.42
    16800.00       84.91      302.42
    16900.00       87.91      302.44
    16969.57       90.00      302.45
    17000.00       90.91      302.45
    17100.00       93.91      302.45
    17200.00       96.91      302.46
    17300.00       99.91      302.46
    17400.00      102.91      302.46
    17500.00      105.91      302.47
    17600.00      108.91      302.47
    17700.00      111.91      302.47
    17800.00      114.91      302.48
    17803.49      115.02      302.48
    17900.00      115.02      302.48
    17998.32      115.02      302.48
    18000.00      115.02      302.48
    18100.00      115.02      302.48
    18200.00      115.02      302.48
    18300.00      115.02      302.48
    18400.00      115.02      302.48
    18420.78      115.02      302.48
